[gd_scene load_steps=19 format=2]

[ext_resource path="res://entities/base/entity/player/player.gd" type="Script" id=1]
[ext_resource path="res://entities/base/entity/base/state_machine/state_machine_base.gd" type="Script" id=2]
[ext_resource path="res://entities/base/entity/player/states/walk.gd" type="Script" id=3]
[ext_resource path="res://entities/base/entity/player/states/idle.gd" type="Script" id=4]
[ext_resource path="res://entities/base/components/health_manager.gd" type="Script" id=6]
[ext_resource path="res://assets/models/gaspard_animado_nao_finalizado/Gaspard animado sem o sobretudo.gltf" type="PackedScene" id=8]
[ext_resource path="res://entities/shaders/psx_shaders/psx_lit.shader" type="Shader" id=9]
[ext_resource path="res://entities/base/player_material.tres" type="Texture" id=10]
[ext_resource path="res://entities/base/base_shader_material.tres" type="Material" id=11]

[sub_resource type="ShaderMaterial" id=12]
shader = ExtResource( 9 )
shader_param/precision_multiplier = 1.0
shader_param/modulate_color = Color( 1, 1, 1, 1 )
shader_param/uv_scale = Vector2( 1, 1 )
shader_param/uv_offset = Vector2( 0, 0 )
shader_param/uv_pan_velocity = Vector2( 0, 0 )
shader_param/albedoTex = ExtResource( 10 )

[sub_resource type="SpatialMaterial" id=2]
flags_unshaded = true
albedo_color = Color( 0, 1, 0.905882, 1 )

[sub_resource type="BoxShape" id=3]
extents = Vector3( 1, 3.50111, 1 )

[sub_resource type="AnimationNodeAnimation" id=6]
animation = "Addon"

[sub_resource type="AnimationNodeAnimation" id=7]
animation = "Andar"

[sub_resource type="AnimationNodeStateMachineTransition" id=8]

[sub_resource type="AnimationNodeStateMachineTransition" id=9]

[sub_resource type="AnimationNodeStateMachine" id=4]
states/idle/node = SubResource( 6 )
states/idle/position = Vector2( 367, 129 )
states/walk/node = SubResource( 7 )
states/walk/position = Vector2( 558, 138 )
transitions = [ "idle", "walk", SubResource( 8 ), "walk", "idle", SubResource( 9 ) ]
start_node = "idle"

[sub_resource type="AnimationNodeStateMachinePlayback" id=5]

[node name="player" type="KinematicBody"]
script = ExtResource( 1 )
walking_speed = 500
health_node = NodePath("health_component")

[node name="health_component" type="Node" parent="."]
script = ExtResource( 6 )
parent = NodePath("..")
health = 100

[node name="Gaspard animado sem o sobretudo" parent="." instance=ExtResource( 8 )]

[node name="Empty" parent="Gaspard animado sem o sobretudo" index="0"]
visible = false

[node name="Empty001" parent="Gaspard animado sem o sobretudo" index="1"]
visible = false

[node name="Armature" parent="Gaspard animado sem o sobretudo" index="2"]
visible = false

[node name="Chão" parent="Gaspard animado sem o sobretudo" index="3"]
visible = false

[node name="BoneAttachment" parent="Gaspard animado sem o sobretudo/Ossos/Skeleton2" index="0"]
transform = Transform( 1, 0, 0, 0, 1, 0, 0, 0, 1, 1.78814e-08, 1.6369, 0.0765854 )

[node name="Cabeça" parent="Gaspard animado sem o sobretudo/Ossos/Skeleton2/BoneAttachment" index="0"]
material/0 = ExtResource( 11 )

[node name="BoneAttachment2" parent="Gaspard animado sem o sobretudo/Ossos/Skeleton2" index="1"]
transform = Transform( 1, 0, 0, 0, 1, 0, 0, 0, 1, 1.78814e-08, 1.39394, 0.0765854 )

[node name="Pescoço" parent="Gaspard animado sem o sobretudo/Ossos/Skeleton2/BoneAttachment2" index="0"]
material/0 = ExtResource( 11 )

[node name="BoneAttachment3" parent="Gaspard animado sem o sobretudo/Ossos/Skeleton2" index="2"]
transform = Transform( -0.956903, -0.290407, 2.98242e-08, 0.290407, -0.956903, 1.83827e-08, 2.27141e-08, 2.77929e-08, 1, 1.09645, -1.57862, 0.0915766 )

[node name="Ponta Dir" parent="Gaspard animado sem o sobretudo/Ossos/Skeleton2/BoneAttachment3" index="0"]
material/0 = ExtResource( 11 )

[node name="BoneAttachment4" parent="Gaspard animado sem o sobretudo/Ossos/Skeleton2" index="3"]
transform = Transform( -0.999742, -0.0227154, -3.82518e-07, 0.0227154, -0.999742, 3.94316e-08, -3.8337e-07, 3.23475e-08, 1, 1.1024, -1.31664, 0.0915766 )

[node name="Meio Dir" parent="Gaspard animado sem o sobretudo/Ossos/Skeleton2/BoneAttachment4" index="0"]
material/0 = ExtResource( 11 )

[node name="BoneAttachment5" parent="Gaspard animado sem o sobretudo/Ossos/Skeleton2" index="4"]
transform = Transform( -0.99027, -0.139123, -0.0032859, 0.138147, -0.979933, -0.143689, 0.0167705, -0.142745, 0.989617, 1.07199, -1.29905, -0.172411 )

[node name="Dedão Ponta Dir" parent="Gaspard animado sem o sobretudo/Ossos/Skeleton2/BoneAttachment5" index="0"]
material/0 = ExtResource( 11 )

[node name="BoneAttachment6" parent="Gaspard animado sem o sobretudo/Ossos/Skeleton2" index="5"]
transform = Transform( -0.9997, -0.0203543, -0.0136205, 0.0239235, -0.930622, -0.365198, -0.00524218, -0.365414, 0.93083, 1.07776, -1.03503, -0.0687446 )

[node name="Dedão Dir" parent="Gaspard animado sem o sobretudo/Ossos/Skeleton2/BoneAttachment6" index="0"]
material/0 = ExtResource( 11 )

[node name="BoneAttachment7" parent="Gaspard animado sem o sobretudo/Ossos/Skeleton2" index="6"]
transform = Transform( -0.996194, 0.0871558, 5.96046e-08, -0.0871559, -0.996195, 3.72529e-08, 6.27479e-08, 3.35276e-08, 1, 1.07364, -0.987898, 0.0915766 )

[node name="Palma Dir" parent="Gaspard animado sem o sobretudo/Ossos/Skeleton2/BoneAttachment7" index="0"]
material/0 = ExtResource( 11 )

[node name="BoneAttachment8" parent="Gaspard animado sem o sobretudo/Ossos/Skeleton2" index="7"]
transform = Transform( -0.997175, 0.0749803, 0.00436218, -0.0751071, -0.995493, -0.0579054, 7.53083e-07, -0.0580695, 0.998312, 1.00296, -0.0494616, 0.146318 )

[node name="BoneAttachment9" parent="Gaspard animado sem o sobretudo/Ossos/Skeleton2" index="8"]
transform = Transform( -0.996893, 0.0787271, -0.00244294, -0.078765, -0.996414, 0.0309073, -9.38773e-07, 0.0310037, 0.999519, 0.903694, 1.20687, 0.107227 )

[node name="Braço Dir" parent="Gaspard animado sem o sobretudo/Ossos/Skeleton2/BoneAttachment9" index="0"]
transform = Transform( 0.17127, -5.5807e-08, 1.53782e-08, -1.8445e-08, -0.514459, 2.23517e-08, -1.30047e-08, 5.58794e-08, 0.202094, 0.010505, 0.56011, -0.0269725 )

[node name="BoneAttachment10" parent="Gaspard animado sem o sobretudo/Ossos/Skeleton2" index="9"]
transform = Transform( -0.990269, 0.139123, 0.00328589, -0.138147, -0.979933, -0.143689, -0.0167705, -0.142745, 0.989617, -1.07199, -1.29905, -0.172411 )

[node name="Dedão Ponta Esq" parent="Gaspard animado sem o sobretudo/Ossos/Skeleton2/BoneAttachment10" index="0"]
material/0 = ExtResource( 11 )

[node name="BoneAttachment11" parent="Gaspard animado sem o sobretudo/Ossos/Skeleton2" index="10"]
transform = Transform( -0.9997, 0.0203543, 0.0136205, -0.0239236, -0.930622, -0.365198, 0.00524218, -0.365414, 0.93083, -1.07776, -1.03503, -0.0687446 )

[node name="Dedão Esq" parent="Gaspard animado sem o sobretudo/Ossos/Skeleton2/BoneAttachment11" index="0"]
material/0 = ExtResource( 11 )

[node name="BoneAttachment12" parent="Gaspard animado sem o sobretudo/Ossos/Skeleton2" index="11"]
transform = Transform( -0.956903, 0.290407, -3.02898e-08, -0.290407, -0.956904, 2.58333e-08, -2.42106e-08, 2.43794e-08, 1, -1.09645, -1.57862, 0.0915766 )

[node name="Ponta Esq" parent="Gaspard animado sem o sobretudo/Ossos/Skeleton2/BoneAttachment12" index="0"]
material/0 = ExtResource( 11 )

[node name="BoneAttachment13" parent="Gaspard animado sem o sobretudo/Ossos/Skeleton2" index="12"]
transform = Transform( -0.999742, 0.0227154, 3.82053e-07, -0.0227154, -0.999742, 4.68822e-08, 3.82845e-07, 2.86575e-08, 1, -1.1024, -1.31664, 0.0915766 )

[node name="Meio Esq" parent="Gaspard animado sem o sobretudo/Ossos/Skeleton2/BoneAttachment13" index="0"]
material/0 = ExtResource( 11 )

[node name="BoneAttachment14" parent="Gaspard animado sem o sobretudo/Ossos/Skeleton2" index="13"]
transform = Transform( -0.996194, -0.0871559, -6.00703e-08, 0.0871559, -0.996195, 4.47035e-08, -6.28643e-08, 2.98023e-08, 1, -1.07364, -0.987898, 0.0915766 )

[node name="Palma Esq" parent="Gaspard animado sem o sobretudo/Ossos/Skeleton2/BoneAttachment14" index="0"]
material/0 = ExtResource( 11 )

[node name="BoneAttachment15" parent="Gaspard animado sem o sobretudo/Ossos/Skeleton2" index="14"]
transform = Transform( -0.997175, -0.0749803, -0.00436218, 0.0751071, -0.995493, -0.0579054, -7.53345e-07, -0.0580695, 0.998312, -1.00296, -0.0494616, 0.146318 )

[node name="BoneAttachment16" parent="Gaspard animado sem o sobretudo/Ossos/Skeleton2" index="15"]
transform = Transform( -0.996893, -0.0787271, 0.00244294, 0.078765, -0.996414, 0.0309073, 9.38773e-07, 0.0310037, 0.999519, -0.903694, 1.20687, 0.107227 )

[node name="BoneAttachment17" parent="Gaspard animado sem o sobretudo/Ossos/Skeleton2" index="16"]
transform = Transform( 1, 0, 0, 0, 1, 0, 0, 0, 1, 1.78814e-08, 0.162841, 0.0765854 )

[node name="Tronco" parent="Gaspard animado sem o sobretudo/Ossos/Skeleton2/BoneAttachment17" index="0"]
material_override = SubResource( 12 )
material/0 = ExtResource( 11 )

[node name="BoneAttachment18" parent="Gaspard animado sem o sobretudo/Ossos/Skeleton2" index="17"]
transform = Transform( 1, 0, -8.74228e-08, 0, 1, 0, 8.74228e-08, 0, 1, 1.78814e-08, -0.441807, 0.0765854 )

[node name="Abdomen" parent="Gaspard animado sem o sobretudo/Ossos/Skeleton2/BoneAttachment18" index="0"]
material/0 = ExtResource( 11 )

[node name="BoneAttachment19" parent="Gaspard animado sem o sobretudo/Ossos/Skeleton2" index="18"]
transform = Transform( 1, 5.68434e-14, 2.38419e-07, -2.1365e-07, -0.443822, 0.896115, 1.05815e-07, -0.896115, -0.443822, 0.497016, -4.32441, 0.0772904 )

[node name="Sapato Dir" parent="Gaspard animado sem o sobretudo/Ossos/Skeleton2/BoneAttachment19" index="0"]
material/0 = ExtResource( 11 )

[node name="BoneAttachment20" parent="Gaspard animado sem o sobretudo/Ossos/Skeleton2" index="19"]
transform = Transform( 1, 1.77636e-15, 2.38419e-07, 1.34481e-08, -0.998408, -0.0564055, 2.38039e-07, 0.0564055, -0.998408, 0.497016, -2.23145, -0.0409523 )

[node name="Perna Dir" parent="Gaspard animado sem o sobretudo/Ossos/Skeleton2/BoneAttachment20" index="0"]
material/0 = ExtResource( 11 )

[node name="BoneAttachment21" parent="Gaspard animado sem o sobretudo/Ossos/Skeleton2" index="20"]
transform = Transform( 1, 4.44089e-16, 2.38419e-07, -1.44898e-08, -0.998151, 0.0607747, 2.37978e-07, -0.0607747, -0.998151, 0.497016, -0.578501, 0.0596913 )

[node name="Coxa Dir" parent="Gaspard animado sem o sobretudo/Ossos/Skeleton2/BoneAttachment21" index="0"]
material/0 = ExtResource( 11 )

[node name="BoneAttachment22" parent="Gaspard animado sem o sobretudo/Ossos/Skeleton2" index="21"]
transform = Transform( 1, -5.68434e-14, -2.38419e-07, 2.1365e-07, -0.443822, 0.896115, -1.05815e-07, -0.896115, -0.443822, -0.497016, -4.32441, 0.0772904 )

[node name="Sapato Esq" parent="Gaspard animado sem o sobretudo/Ossos/Skeleton2/BoneAttachment22" index="0"]
material/0 = ExtResource( 11 )

[node name="BoneAttachment23" parent="Gaspard animado sem o sobretudo/Ossos/Skeleton2" index="22"]
transform = Transform( 1, -1.77636e-15, -2.38419e-07, -1.34481e-08, -0.998408, -0.0564055, -2.38039e-07, 0.0564055, -0.998408, -0.497016, -2.23145, -0.0409523 )

[node name="Perna Esq" parent="Gaspard animado sem o sobretudo/Ossos/Skeleton2/BoneAttachment23" index="0"]
material/0 = ExtResource( 11 )

[node name="BoneAttachment24" parent="Gaspard animado sem o sobretudo/Ossos/Skeleton2" index="23"]
transform = Transform( 1, -4.44089e-16, -2.38419e-07, 1.44898e-08, -0.998151, 0.0607747, -2.37978e-07, -0.0607747, -0.998151, -0.497016, -0.578501, 0.0596913 )

[node name="Coxa Esq" parent="Gaspard animado sem o sobretudo/Ossos/Skeleton2/BoneAttachment24" index="0"]
material/0 = ExtResource( 11 )

[node name="BoneAttachment25" parent="Gaspard animado sem o sobretudo/Ossos/Skeleton2" index="24"]
transform = Transform( 1, 0, 0, 0, -1, 0, 0, 0, -1, 1.78814e-08, -0.441807, 0.0765854 )

[node name="Cintura" parent="Gaspard animado sem o sobretudo/Ossos/Skeleton2/BoneAttachment25" index="0"]
material/0 = ExtResource( 11 )

[node name="CSGSphere" type="CSGSphere" parent="."]
visible = false
material = SubResource( 2 )

[node name="CollisionShape" type="CollisionShape" parent="."]
transform = Transform( 1, 0, 0, 0, 1, 0, 0, 0, 1, 0, 3.29647, 0 )
shape = SubResource( 3 )

[node name="state_machine" type="Node" parent="."]
script = ExtResource( 2 )

[node name="idle" type="Node" parent="state_machine"]
script = ExtResource( 4 )

[node name="walk" type="Node" parent="state_machine"]
script = ExtResource( 3 )
animation_state_name = "Andar"

[node name="item_holder" type="Position3D" parent="."]
transform = Transform( 1, 0, 0, 0, 1, 0, 0, 0, 1, 3.21428, 6.39677, 0 )

[node name="animation_tree" type="AnimationTree" parent="."]
tree_root = SubResource( 4 )
anim_player = NodePath("../Gaspard animado sem o sobretudo/AnimationPlayer")
active = true
parameters/playback = SubResource( 5 )

[editable path="Gaspard animado sem o sobretudo"]
