[gd_scene load_steps=16 format=2]

[ext_resource path="res://entities/base/entity/player/player.gd" type="Script" id=1]
[ext_resource path="res://entities/base/entity/base/state_machine/state_machine_base.gd" type="Script" id=2]
[ext_resource path="res://entities/base/entity/player/states/walk.gd" type="Script" id=3]
[ext_resource path="res://entities/base/entity/player/states/idle.gd" type="Script" id=4]
[ext_resource path="res://assets/models/gabriel_gaspard/Gabriel Gaspard (finalizado).tscn" type="PackedScene" id=5]
[ext_resource path="res://entities/base/components/health_manager.gd" type="Script" id=6]
[ext_resource path="res://assets/models/gaspard_animado_nao_finalizado/gaspard_animado.tscn" type="PackedScene" id=7]

[sub_resource type="SpatialMaterial" id=2]
flags_unshaded = true
albedo_color = Color( 0, 1, 0.905882, 1 )

[sub_resource type="BoxShape" id=3]
extents = Vector3( 1, 3.50111, 1 )

[sub_resource type="AnimationNodeAnimation" id=6]
animation = "TPose"

[sub_resource type="AnimationNodeAnimation" id=7]
animation = "Andar"

[sub_resource type="AnimationNodeStateMachineTransition" id=8]

[sub_resource type="AnimationNodeStateMachineTransition" id=9]

[sub_resource type="AnimationNodeStateMachine" id=4]
states/idle/node = SubResource( 6 )
states/idle/position = Vector2( 367, 129 )
states/walk/node = SubResource( 7 )
states/walk/position = Vector2( 558, 138 )
transitions = [ "idle", "walk", SubResource( 8 ), "walk", "idle", SubResource( 9 ) ]
start_node = "idle"

[sub_resource type="AnimationNodeStateMachinePlayback" id=5]

[node name="player" type="KinematicBody"]
script = ExtResource( 1 )
walking_speed = 500
health_node = NodePath("health_component")

[node name="Gaspard Animado GODOT" parent="." instance=ExtResource( 7 )]

[node name="Empty" parent="Gaspard Animado GODOT" index="0"]
visible = false

[node name="Empty001" parent="Gaspard Animado GODOT" index="1"]
visible = false

[node name="Skeleton" parent="Gaspard Animado GODOT/Ossos" index="0"]
bones/0/bound_children = [  ]
bones/1/bound_children = [  ]
bones/2/bound_children = [  ]
bones/3/bound_children = [  ]
bones/4/bound_children = [  ]
bones/5/bound_children = [  ]
bones/6/bound_children = [  ]
bones/7/bound_children = [  ]
bones/8/bound_children = [  ]
bones/9/bound_children = [  ]
bones/10/bound_children = [  ]
bones/11/bound_children = [  ]
bones/12/bound_children = [  ]
bones/13/bound_children = [  ]
bones/14/bound_children = [  ]
bones/15/bound_children = [  ]
bones/16/bound_children = [  ]
bones/17/bound_children = [  ]
bones/18/bound_children = [  ]
bones/19/bound_children = [  ]
bones/20/bound_children = [  ]
bones/21/bound_children = [  ]
bones/22/bound_children = [  ]
bones/23/bound_children = [  ]
bones/24/bound_children = [  ]

[node name="BoneAttachment" parent="Gaspard Animado GODOT/Ossos/Skeleton" index="0"]
transform = Transform( 1, 0, 0, 0, 1, 0, 0, 0, 1, 1.78814e-08, 1.6369, 0.0765854 )

[node name="BoneAttachment2" parent="Gaspard Animado GODOT/Ossos/Skeleton" index="1"]
transform = Transform( 1, 0, 0, 0, 1, 0, 0, 0, 1, 1.78814e-08, 1.39394, 0.0765854 )

[node name="BoneAttachment3" parent="Gaspard Animado GODOT/Ossos/Skeleton" index="2"]
transform = Transform( -0.372701, 0.927951, -3.59513e-08, -0.927951, -0.372701, 4.4882e-08, 3.22905e-08, 3.56536e-08, 1, 3.58141, 1.04608, 0.0915766 )

[node name="BoneAttachment4" parent="Gaspard Animado GODOT/Ossos/Skeleton" index="3"]
transform = Transform( -0.109762, 0.993958, -9.28581e-08, -0.993957, -0.109762, -3.64057e-07, -3.72034e-07, 3.73473e-08, 1, 3.32095, 1.07484, 0.0915766 )

[node name="BoneAttachment5" parent="Gaspard Animado GODOT/Ossos/Skeleton" index="4"]
transform = Transform( -0.223929, 0.964079, 0.142856, -0.974461, -0.224, -0.0157967, 0.0167705, -0.142745, 0.989617, 3.30077, 1.04608, -0.172411 )

[node name="BoneAttachment6" parent="Gaspard Animado GODOT/Ossos/Skeleton" index="5"]
transform = Transform( -0.110962, 0.925307, 0.362621, -0.99381, -0.101386, -0.0453978, -0.00524217, -0.365414, 0.93083, 3.03826, 1.07484, -0.0687445 )

[node name="BoneAttachment7" parent="Gaspard Animado GODOT/Ossos/Skeleton" index="6"]
transform = Transform( -5.14701e-08, 1, -5.21541e-08, -1, -1.77897e-08, 7.61938e-08, 7.4564e-08, 3.72529e-08, 1, 2.99095, 1.07484, 0.0915766 )

[node name="BoneAttachment8" parent="Gaspard Animado GODOT/Ossos/Skeleton" index="7"]
transform = Transform( -0.0120885, 0.998239, 0.0580653, -0.999927, -0.0120681, -0.000701204, 7.64812e-07, -0.0580695, 0.998312, 2.04992, 1.08621, 0.146318 )

[node name="BoneAttachment9" parent="Gaspard Animado GODOT/Ossos/Skeleton" index="8"]
transform = Transform( -0.00841987, 0.999484, -0.0310026, -0.999964, -0.00841582, 0.000260121, -9.26623e-07, 0.0310037, 0.999519, 0.789723, 1.09683, 0.107227 )

[node name="BoneAttachment10" parent="Gaspard Animado GODOT/Ossos/Skeleton" index="9"]
transform = Transform( -0.223929, -0.964079, -0.142856, 0.974461, -0.224, -0.0157967, -0.0167705, -0.142745, 0.989617, -3.30077, 1.04608, -0.172411 )

[node name="BoneAttachment11" parent="Gaspard Animado GODOT/Ossos/Skeleton" index="10"]
transform = Transform( -0.110962, -0.925307, -0.362621, 0.99381, -0.101386, -0.0453978, 0.00524217, -0.365414, 0.93083, -3.03826, 1.07484, -0.0687445 )

[node name="BoneAttachment12" parent="Gaspard Animado GODOT/Ossos/Skeleton" index="11"]
transform = Transform( -0.372701, -0.927951, 3.59513e-08, 0.927951, -0.372701, 4.4882e-08, -3.22905e-08, 3.56536e-08, 1, -3.58141, 1.04608, 0.0915766 )

[node name="BoneAttachment13" parent="Gaspard Animado GODOT/Ossos/Skeleton" index="12"]
transform = Transform( -0.109762, -0.993958, 9.28581e-08, 0.993957, -0.109762, -3.64057e-07, 3.72034e-07, 3.73473e-08, 1, -3.32095, 1.07484, 0.0915766 )

[node name="BoneAttachment14" parent="Gaspard Animado GODOT/Ossos/Skeleton" index="13"]
transform = Transform( -5.14701e-08, -1, 5.21541e-08, 1, -1.77897e-08, 7.61938e-08, -7.4564e-08, 3.72529e-08, 1, -2.99095, 1.07484, 0.0915766 )

[node name="BoneAttachment15" parent="Gaspard Animado GODOT/Ossos/Skeleton" index="14"]
transform = Transform( -0.0120885, -0.998239, -0.0580653, 0.999927, -0.0120681, -0.000701204, -7.64812e-07, -0.0580695, 0.998312, -2.04992, 1.08621, 0.146318 )

[node name="BoneAttachment16" parent="Gaspard Animado GODOT/Ossos/Skeleton" index="15"]
transform = Transform( -0.00841987, -0.999484, 0.0310026, 0.999964, -0.00841582, 0.000260121, 9.26623e-07, 0.0310037, 0.999519, -0.789723, 1.09683, 0.107227 )

[node name="BoneAttachment17" parent="Gaspard Animado GODOT/Ossos/Skeleton" index="16"]
transform = Transform( 1, 0, 0, 0, 1, 0, 0, 0, 1, 1.78814e-08, 0.162841, 0.0765854 )

[node name="BoneAttachment18" parent="Gaspard Animado GODOT/Ossos/Skeleton" index="17"]
transform = Transform( 1, 0, -8.74228e-08, 0, 1, 0, 8.74228e-08, 0, 1, 1.78814e-08, -0.441807, 0.0765854 )

[node name="BoneAttachment19" parent="Gaspard Animado GODOT/Ossos/Skeleton" index="18"]
transform = Transform( 1, 5.68434e-14, 2.38419e-07, -2.1365e-07, -0.443822, 0.896115, 1.05815e-07, -0.896115, -0.443822, 0.497016, -4.32441, 0.0772904 )

[node name="BoneAttachment20" parent="Gaspard Animado GODOT/Ossos/Skeleton" index="19"]
transform = Transform( 1, 1.77636e-15, 2.38419e-07, 1.34481e-08, -0.998408, -0.0564055, 2.38039e-07, 0.0564055, -0.998408, 0.497016, -2.23145, -0.0409523 )

[node name="BoneAttachment21" parent="Gaspard Animado GODOT/Ossos/Skeleton" index="20"]
transform = Transform( 1, 4.44089e-16, 2.38419e-07, -1.44898e-08, -0.998151, 0.0607747, 2.37978e-07, -0.0607747, -0.998151, 0.497016, -0.578501, 0.0596913 )

[node name="BoneAttachment22" parent="Gaspard Animado GODOT/Ossos/Skeleton" index="21"]
transform = Transform( 1, -5.68434e-14, -2.38419e-07, 2.1365e-07, -0.443822, 0.896115, -1.05815e-07, -0.896115, -0.443822, -0.497016, -4.32441, 0.0772904 )

[node name="BoneAttachment23" parent="Gaspard Animado GODOT/Ossos/Skeleton" index="22"]
transform = Transform( 1, -1.77636e-15, -2.38419e-07, -1.34481e-08, -0.998408, -0.0564055, -2.38039e-07, 0.0564055, -0.998408, -0.497016, -2.23145, -0.0409523 )

[node name="BoneAttachment24" parent="Gaspard Animado GODOT/Ossos/Skeleton" index="23"]
transform = Transform( 1, -4.44089e-16, -2.38419e-07, 1.44898e-08, -0.998151, 0.0607747, -2.37978e-07, -0.0607747, -0.998151, -0.497016, -0.578501, 0.0596913 )

[node name="BoneAttachment25" parent="Gaspard Animado GODOT/Ossos/Skeleton" index="24"]
transform = Transform( 1, 0, 0, 0, -1, 0, 0, 0, -1, 1.78814e-08, -0.441807, 0.0765854 )

[node name="health_component" type="Node" parent="."]
script = ExtResource( 6 )
parent = NodePath("..")
health = 100

[node name="Gabriel Gaspard (finalizado)" parent="." instance=ExtResource( 5 )]
visible = false

[node name="CSGSphere" type="CSGSphere" parent="."]
visible = false
material = SubResource( 2 )

[node name="CollisionShape" type="CollisionShape" parent="."]
transform = Transform( 1, 0, 0, 0, 1, 0, 0, 0, 1, 0, 3.29647, 0 )
shape = SubResource( 3 )

[node name="state_machine" type="Node" parent="."]
script = ExtResource( 2 )

[node name="idle" type="Node" parent="state_machine"]
script = ExtResource( 4 )

[node name="walk" type="Node" parent="state_machine"]
script = ExtResource( 3 )
animation_state_name = "Andar"

[node name="item_holder" type="Position3D" parent="."]
transform = Transform( 1, 0, 0, 0, 1, 0, 0, 0, 1, 3.21428, 6.39677, 0 )

[node name="animation_tree" type="AnimationTree" parent="."]
tree_root = SubResource( 4 )
anim_player = NodePath("../Gaspard Animado GODOT/AnimationPlayer")
active = true
parameters/playback = SubResource( 5 )

[editable path="Gaspard Animado GODOT"]
