[gd_scene load_steps=2 format=2]

[ext_resource path="res://assets/models/gaspard_animado_nao_finalizado/Gaspard Animado GODOT.glb" type="PackedScene" id=1]

[node name="Gaspard Animado GODOT" instance=ExtResource( 1 )]

[node name="Poltrona_Chefe" parent="." index="2"]
visible = false

[node name="Skeleton" parent="Ossos" index="0"]
bones/0/bound_children = [ NodePath("BoneAttachment25") ]
bones/1/bound_children = [ NodePath("BoneAttachment18") ]
bones/2/bound_children = [ NodePath("BoneAttachment17") ]
bones/3/bound_children = [ NodePath("BoneAttachment2") ]
bones/4/bound_children = [ NodePath("BoneAttachment") ]
bones/5/bound_children = [ NodePath("BoneAttachment9") ]
bones/6/bound_children = [ NodePath("BoneAttachment8") ]
bones/7/bound_children = [ NodePath("BoneAttachment7") ]
bones/8/bound_children = [ NodePath("BoneAttachment4") ]
bones/9/bound_children = [ NodePath("BoneAttachment3") ]
bones/10/bound_children = [ NodePath("BoneAttachment6") ]
bones/11/bound_children = [ NodePath("BoneAttachment5") ]
bones/12/bound_children = [ NodePath("BoneAttachment16") ]
bones/13/bound_children = [ NodePath("BoneAttachment15") ]
bones/14/bound_children = [ NodePath("BoneAttachment14") ]
bones/15/bound_children = [ NodePath("BoneAttachment11") ]
bones/16/bound_children = [ NodePath("BoneAttachment10") ]
bones/17/bound_children = [ NodePath("BoneAttachment13") ]
bones/18/bound_children = [ NodePath("BoneAttachment12") ]
bones/19/bound_children = [ NodePath("BoneAttachment21") ]
bones/20/bound_children = [ NodePath("BoneAttachment20") ]
bones/21/bound_children = [ NodePath("BoneAttachment19") ]
bones/22/bound_children = [ NodePath("BoneAttachment24") ]
bones/23/bound_children = [ NodePath("BoneAttachment23") ]
bones/24/bound_children = [ NodePath("BoneAttachment22") ]

[node name="BoneAttachment" parent="Ossos/Skeleton" index="0"]
transform = Transform( 1, 0, 0, 0, 1, 0, 0, 0, 1, 1.78814e-08, 1.6369, 0.0765854 )

[node name="BoneAttachment2" parent="Ossos/Skeleton" index="1"]
transform = Transform( 1, 0, 0, 0, 1, 0, 0, 0, 1, 1.78814e-08, 1.39394, 0.0765854 )

[node name="BoneAttachment3" parent="Ossos/Skeleton" index="2"]
transform = Transform( -0.372701, 0.927951, 1.30163e-09, -0.927951, -0.372701, 4.74431e-08, 3.91024e-08, 2.6346e-08, 1, 3.58141, 1.04608, 0.0915766 )

[node name="BoneAttachment4" parent="Ossos/Skeleton" index="3"]
transform = Transform( -0.109762, 0.993958, -5.56052e-08, -0.993958, -0.109762, -3.61496e-07, -3.67972e-07, 2.6552e-08, 1, 3.32095, 1.07484, 0.0915766 )

[node name="BoneAttachment5" parent="Ossos/Skeleton" index="4"]
transform = Transform( -0.223929, 0.964079, 0.142856, -0.974461, -0.224, -0.0157967, 0.0167705, -0.142745, 0.989617, 3.30077, 1.04608, -0.172411 )

[node name="BoneAttachment6" parent="Ossos/Skeleton" index="5"]
transform = Transform( -0.110962, 0.925307, 0.362621, -0.993811, -0.101386, -0.0453978, -0.00524216, -0.365415, 0.93083, 3.03826, 1.07484, -0.0687446 )

[node name="BoneAttachment7" parent="Ossos/Skeleton" index="6"]
transform = Transform( 6.68297e-08, 1, -1.49012e-08, -1, 1.01041e-07, 7.8755e-08, 7.74162e-08, 2.6077e-08, 1, 2.99095, 1.07484, 0.0915766 )

[node name="BoneAttachment8" parent="Ossos/Skeleton" index="7"]
transform = Transform( -0.0120883, 0.99824, 0.0580653, -0.999927, -0.012068, -0.000701195, 7.67614e-07, -0.0580695, 0.998312, 2.04992, 1.08622, 0.146318 )

[node name="BoneAttachment9" parent="Ossos/Skeleton" index="8"]
transform = Transform( -0.00841975, 0.999484, -0.0310026, -0.999965, -0.0084157, 0.00026012, -9.23872e-07, 0.0310037, 0.999519, 0.789723, 1.09683, 0.107227 )

[node name="BoneAttachment10" parent="Ossos/Skeleton" index="9"]
transform = Transform( -0.223929, -0.964079, -0.142856, 0.974461, -0.224, -0.0157967, -0.0167705, -0.142745, 0.989617, -3.30077, 1.04608, -0.172411 )

[node name="BoneAttachment11" parent="Ossos/Skeleton" index="10"]
transform = Transform( -0.110962, -0.925307, -0.362621, 0.993811, -0.101386, -0.0453978, 0.00524216, -0.365415, 0.93083, -3.03826, 1.07484, -0.0687446 )

[node name="BoneAttachment12" parent="Ossos/Skeleton" index="11"]
transform = Transform( -0.372701, -0.927951, -1.30163e-09, 0.927951, -0.372701, 4.74431e-08, -3.91024e-08, 2.6346e-08, 1, -3.58141, 1.04608, 0.0915766 )

[node name="BoneAttachment13" parent="Ossos/Skeleton" index="12"]
transform = Transform( -0.109762, -0.993958, 5.56052e-08, 0.993958, -0.109762, -3.61496e-07, 3.67972e-07, 2.6552e-08, 1, -3.32095, 1.07484, 0.0915766 )

[node name="BoneAttachment14" parent="Ossos/Skeleton" index="13"]
transform = Transform( 6.68297e-08, -1, 1.49012e-08, 1, 1.01041e-07, 7.8755e-08, -7.74162e-08, 2.6077e-08, 1, -2.99095, 1.07484, 0.0915766 )

[node name="BoneAttachment15" parent="Ossos/Skeleton" index="14"]
transform = Transform( -0.0120883, -0.99824, -0.0580653, 0.999927, -0.012068, -0.000701195, -7.67614e-07, -0.0580695, 0.998312, -2.04992, 1.08622, 0.146318 )

[node name="BoneAttachment16" parent="Ossos/Skeleton" index="15"]
transform = Transform( -0.00841975, -0.999484, 0.0310026, 0.999965, -0.0084157, 0.00026012, 9.23872e-07, 0.0310037, 0.999519, -0.789723, 1.09683, 0.107227 )

[node name="BoneAttachment17" parent="Ossos/Skeleton" index="16"]
transform = Transform( 1, 0, 0, 0, 1, 0, 0, 0, 1, 1.78814e-08, 0.162841, 0.0765854 )

[node name="BoneAttachment18" parent="Ossos/Skeleton" index="17"]
transform = Transform( 1, 0, -8.74228e-08, 0, 1, 0, 8.74228e-08, 0, 1, 1.78814e-08, -0.441807, 0.0765854 )

[node name="BoneAttachment19" parent="Ossos/Skeleton" index="18"]
transform = Transform( 1, 2.84217e-14, 2.38419e-07, -2.1365e-07, -0.443822, 0.896115, 1.05816e-07, -0.896115, -0.443822, 0.497016, -4.32441, 0.0772904 )

[node name="BoneAttachment20" parent="Ossos/Skeleton" index="19"]
transform = Transform( 1, 1.77636e-15, 2.38419e-07, 1.34481e-08, -0.998408, -0.0564055, 2.38039e-07, 0.0564055, -0.998408, 0.497016, -2.23145, -0.0409524 )

[node name="BoneAttachment21" parent="Ossos/Skeleton" index="20"]
transform = Transform( 1, 4.44089e-16, 2.38419e-07, -1.44898e-08, -0.998151, 0.0607747, 2.37978e-07, -0.0607747, -0.998151, 0.497016, -0.578501, 0.0596913 )

[node name="BoneAttachment22" parent="Ossos/Skeleton" index="21"]
transform = Transform( 1, -2.84217e-14, -2.38419e-07, 2.1365e-07, -0.443822, 0.896115, -1.05816e-07, -0.896115, -0.443822, -0.497016, -4.32441, 0.0772904 )

[node name="BoneAttachment23" parent="Ossos/Skeleton" index="22"]
transform = Transform( 1, -1.77636e-15, -2.38419e-07, -1.34481e-08, -0.998408, -0.0564055, -2.38039e-07, 0.0564055, -0.998408, -0.497016, -2.23145, -0.0409524 )

[node name="BoneAttachment24" parent="Ossos/Skeleton" index="23"]
transform = Transform( 1, -4.44089e-16, -2.38419e-07, 1.44898e-08, -0.998151, 0.0607747, -2.37978e-07, -0.0607747, -0.998151, -0.497016, -0.578501, 0.0596913 )

[node name="BoneAttachment25" parent="Ossos/Skeleton" index="24"]
transform = Transform( 1, 0, 0, 0, -1, 0, 0, 0, -1, 1.78814e-08, -0.441807, 0.0765854 )

[node name="Chão" parent="." index="4"]
visible = false

[node name="Sobretudo" parent="Armature/Skeleton2" index="0"]
visible = false
