[gd_scene load_steps=5 format=2]

[ext_resource path="res://managers/scene_manager/game_scene_manager.gd" type="Script" id=1]
[ext_resource path="res://assets/models/consultorio/consultorio.gltf" type="PackedScene" id=2]
[ext_resource path="res://database/player.tscn" type="PackedScene" id=3]
[ext_resource path="res://assets/models/Psicologo/Psicologo_Completo02.gltf" type="PackedScene" id=4]

[node name="policial_clinic" type="Spatial"]
script = ExtResource( 1 )

[node name="consultorio" parent="." instance=ExtResource( 2 )]

[node name="DirectionalLight" type="DirectionalLight" parent="."]
transform = Transform( 1, 0, 0, 0, -0.707107, 0.707107, 0, -0.707107, -0.707107, 0, 28.3772, 0 )

[node name="DirectionalLight2" type="DirectionalLight" parent="."]
transform = Transform( -0.040934, -0.706514, 0.706514, 0, -0.707107, -0.707107, 0.999162, -0.0289447, 0.0289447, 0, 28.3772, 0 )
light_energy = 0.5

[node name="player" parent="." instance=ExtResource( 3 )]
transform = Transform( 0.60095, 0, 0.799286, 0, 1, 0, -0.799286, 0, 0.60095, 4.00482, 1.22475, 3.25985 )

[node name="Camera" type="Camera" parent="player"]
transform = Transform( 0.991588, 0.0246975, -0.127058, 0, 0.981627, 0.190809, 0.129436, -0.189204, 0.97337, -0.909909, 7.55314, 0.983928 )
fov = 38.2

[node name="Psicologo_Completo02" parent="." instance=ExtResource( 4 )]
transform = Transform( 0.773232, 0, -0.634124, 0, 1, 0, 0.634124, 0, 0.773232, -6.3142, 0.598651, -6.51069 )
