[gd_scene load_steps=5 format=2]

[ext_resource path="res://managers/scene_manager/game_scene_manager.gd" type="Script" id=1]
[ext_resource path="res://assets/models/consultorio/Consultório.gltf" type="PackedScene" id=2]
[ext_resource path="res://database/player.tscn" type="PackedScene" id=3]
[ext_resource path="res://assets/models/Psicologo/modelopsicologo.gltf" type="PackedScene" id=4]

[node name="policial_clinic" type="Spatial"]
script = ExtResource( 1 )

[node name="Consultório" parent="." instance=ExtResource( 2 )]

[node name="DirectionalLight" type="DirectionalLight" parent="."]
transform = Transform( 1, 0, 0, 0, -0.707107, 0.707107, 0, -0.707107, -0.707107, 0, 28.3772, 0 )

[node name="DirectionalLight2" type="DirectionalLight" parent="."]
transform = Transform( -0.040934, -0.706514, 0.706514, 0, -0.707107, -0.707107, 0.999162, -0.0289447, 0.0289447, 0, 28.3772, 0 )
light_energy = 0.5

[node name="player" parent="." instance=ExtResource( 3 )]
transform = Transform( 0.60095, 0, 0.799286, 0, 1, 0, -0.799286, 0, 0.60095, 3.19092, 1.22475, 2.7288 )

[node name="Camera" type="Camera" parent="."]
transform = Transform( 0.699351, -0.136386, 0.701645, 0, 0.981627, 0.190809, -0.714778, -0.133443, 0.686502, 3.43055, 8.77789, 4.04737 )
fov = 38.2

[node name="modelopsicologo" parent="." instance=ExtResource( 4 )]
transform = Transform( 0.790882, 0, -0.611969, 0, 1, 0, 0.611969, 0, 0.790882, -6.38514, 0.979456, -6.56298 )
