[gd_scene load_steps=9 format=2]

[ext_resource path="res://database/player.tscn" type="PackedScene" id=1]
[ext_resource path="res://database/components/scene/camera_switcher.tscn" type="PackedScene" id=2]
[ext_resource path="res://entities/items/consumables/health_kit/health_kit_prop.tscn" type="PackedScene" id=3]
[ext_resource path="res://assets/audio/sound_effects/footstep-wood.wav" type="AudioStream" id=4]

[sub_resource type="BoxShape" id=1]

[sub_resource type="CapsuleShape" id=2]
radius = 0.677
height = 4.569

[sub_resource type="GDScript" id=3]
resource_name = "damage_area"
script/source = "extends InteracteableArea



func interact_action():
	Game.current_player.health.damage(10)
	.interact_action()
"

[sub_resource type="SphereShape" id=4]
radius = 4.478

[node name="debug_room" type="Spatial"]

[node name="player" parent="." instance=ExtResource( 1 )]
transform = Transform( 1, 0, 0, 0, 1, 0, 0, 0, 1, -0.132861, 0.244684, -0.100514 )
walking_speed = 1000

[node name="StaticBody" type="StaticBody" parent="."]
transform = Transform( 17.5, 0, 0, 0, 1, 0, 0, 0, 16, 0, -1, 0 )

[node name="CSGBox" type="CSGBox" parent="StaticBody"]

[node name="CollisionShape" type="CollisionShape" parent="StaticBody"]
shape = SubResource( 1 )

[node name="-x" parent="." instance=ExtResource( 2 )]
transform = Transform( 1, 0, 0, 0, 1, 0, 0, 0, 1, 20.0849, 0, -6.77819 )
camera_to_switch = NodePath("../facing_to_-x")

[node name="CollisionShape" parent="-x" index="0"]
transform = Transform( 1, 0, 0, 0, 1, 0, 0, 0, 1, -4.78271, 0.863847, 3.49406 )
shape = SubResource( 2 )

[node name="x" parent="." instance=ExtResource( 2 )]
transform = Transform( 1, 0, 0, 0, 1, 0, 0, 0, 1, -10.4771, 0.0504284, -1.98208 )
camera_to_switch = NodePath("../facing_to_x")

[node name="CollisionShape" parent="x" index="0"]
transform = Transform( 1, 0, 0, 0, 1, 0, 0, 0, 1, -4.78271, 0.863847, 3.49406 )
shape = SubResource( 2 )

[node name="-z" parent="." instance=ExtResource( 2 )]
transform = Transform( -4.37114e-08, 0, 1, 0, 1, 0, -1, 0, -4.37114e-08, -1.57292, 0.0504284, 10.6547 )
camera_to_switch = NodePath("../facing_to_-z")

[node name="CollisionShape" parent="-z" index="0"]
transform = Transform( 1, 0, 0, 0, 1, 0, 0, 0, 1, -4.78271, 0.863847, 3.49406 )
shape = SubResource( 2 )

[node name="z" parent="." instance=ExtResource( 2 )]
transform = Transform( -4.37114e-08, 0, 1, 0, 1, 0, -1, 0, -4.37114e-08, -1.57292, 0.0504284, -19.738 )
camera_to_switch = NodePath("../facing_to_z")

[node name="CollisionShape" parent="z" index="0"]
transform = Transform( 1, 0, 0, 0, 1, 0, 0, 0, 1, -4.78271, 0.863847, 3.49406 )
shape = SubResource( 2 )

[node name="facing_to_-x" type="Camera" parent="."]
transform = Transform( 0.0115768, -0.400749, 0.916115, 0.00506379, 0.916188, 0.400717, -0.99992, 0, 0.0126358, 24.6568, 10.9133, -0.214405 )

[node name="facing_to_z" type="Camera" parent="."]
transform = Transform( -1, 0, -8.9407e-08, -2.47969e-08, 0.96077, 0.277348, 8.58995e-08, 0.277348, -0.960769, 0, 12, -18.3475 )

[node name="facing_to_x" type="Camera" parent="."]
transform = Transform( 1.29611e-07, 0.277348, -0.960769, -2.47969e-08, 0.96077, 0.277348, 1, -1.21233e-08, 1.31404e-07, -21.4047, 12, 0.126207 )

[node name="facing_to_-z" type="Camera" parent="."]
transform = Transform( 1, 0, 0, 0, 0.876365, 0.481647, 0, -0.481647, 0.876365, 0, 11.3493, 18.592 )
current = true

[node name="health_kit" parent="." instance=ExtResource( 3 )]
transform = Transform( 2, 0, 0, 0, 2, 0, 0, 0, 2, 5.74311, 5.24521e-06, -4.23294 )

[node name="DirectionalLight" type="DirectionalLight" parent="."]
transform = Transform( -1, 3.55271e-15, -8.9407e-08, -5.46661e-08, 0.791298, 0.61143, 7.07476e-08, 0.61143, -0.791298, 0, 11, -15 )

[node name="damage_test" type="Area" parent="."]
transform = Transform( 1, 0, 0, 0, 1, 0, 0, 0, 1, -8.70021, 0, -3.95066 )
script = SubResource( 3 )

[node name="CollisionPolygon" type="CollisionShape" parent="damage_test"]
shape = SubResource( 4 )

[node name="AudioStreamPlayer" type="AudioStreamPlayer" parent="."]
stream = ExtResource( 4 )
bus = "teste"

[editable path="-x"]
[editable path="x"]
[editable path="-z"]
[editable path="z"]
