[gd_scene load_steps=14 format=2]

[ext_resource path="res://database/player.tscn" type="PackedScene" id=1]
[ext_resource path="res://database/components/scene/camera_switcher.tscn" type="PackedScene" id=2]
[ext_resource path="res://entities/items/consumables/health_kit/health_kit_prop.tscn" type="PackedScene" id=3]
[ext_resource path="res://entities/base/components/scene/dialogue_interaction.gd" type="Script" id=4]
[ext_resource path="res://managers/scene_manager/game_scene_manager.gd" type="Script" id=5]
[ext_resource path="res://rooms/debug_room/cutscene_test.tscn" type="PackedScene" id=6]
[ext_resource path="res://entities/base/components/scene/scene_changer.gd" type="Script" id=7]

[sub_resource type="CapsuleShape" id=2]
radius = 0.677
height = 4.569

[sub_resource type="BoxShape" id=1]

[sub_resource type="GDScript" id=3]
resource_name = "damage_area"
script/source = "extends InteracteableArea



func interact_action():
	Game.current_player.health.damage(10)
	terminate_interaction()
"

[sub_resource type="SphereShape" id=4]
radius = 4.478

[sub_resource type="BoxShape" id=5]
extents = Vector3( 5.67073, 1, 3.24598 )

[sub_resource type="BoxShape" id=6]
extents = Vector3( 4.40404, 1, 1 )

[node name="debug_room" type="Spatial"]
script = ExtResource( 5 )
room_name = "Debug Room"

[node name="player" parent="." instance=ExtResource( 1 )]
transform = Transform( 1, 0, 0, 0, 1, 0, 0, 0, 1, -0.132861, 0.244684, -0.100514 )

[node name="camera_switchers" type="Spatial" parent="."]

[node name="-x" parent="camera_switchers" instance=ExtResource( 2 )]
transform = Transform( 1, 0, 0, 0, 1, 0, 0, 0, 1, 20.0849, 0, -6.77819 )
camera_to_switch = NodePath("../facing_to_-x")

[node name="CollisionShape" parent="camera_switchers/-x" index="0"]
transform = Transform( 1, 0, 0, 0, 1, 0, 0, 0, 1, -4.78271, 0.863847, 3.49406 )
shape = SubResource( 2 )

[node name="x" parent="camera_switchers" instance=ExtResource( 2 )]
transform = Transform( 1, 0, 0, 0, 1, 0, 0, 0, 1, -10.4771, 0.0504284, -1.98208 )
camera_to_switch = NodePath("../facing_to_x")

[node name="CollisionShape" parent="camera_switchers/x" index="0"]
transform = Transform( 1, 0, 0, 0, 1, 0, 0, 0, 1, -4.78271, 0.863847, 3.49406 )
shape = SubResource( 2 )

[node name="-z" parent="camera_switchers" instance=ExtResource( 2 )]
transform = Transform( -4.37114e-08, 0, 1, 0, 1, 0, -1, 0, -4.37114e-08, -1.57292, 0.0504284, 10.6547 )
camera_to_switch = NodePath("../facing_to_-z")

[node name="CollisionShape" parent="camera_switchers/-z" index="0"]
transform = Transform( 1, 0, 0, 0, 1, 0, 0, 0, 1, -4.78271, 0.863847, 3.49406 )
shape = SubResource( 2 )

[node name="z" parent="camera_switchers" instance=ExtResource( 2 )]
transform = Transform( -4.37114e-08, 0, 1, 0, 1, 0, -1, 0, -4.37114e-08, -1.57292, 0.0504284, -19.738 )
camera_to_switch = NodePath("../facing_to_z")

[node name="CollisionShape" parent="camera_switchers/z" index="0"]
transform = Transform( 1, 0, 0, 0, 1, 0, 0, 0, 1, -4.78271, 0.863847, 3.49406 )
shape = SubResource( 2 )

[node name="facing_to_-x" type="Camera" parent="camera_switchers"]
transform = Transform( 0.0115768, -0.400749, 0.916115, 0.00506379, 0.916188, 0.400717, -0.99992, -7.44999e-09, 0.0126358, 24.6568, 10.9133, -0.214405 )

[node name="facing_to_z" type="Camera" parent="camera_switchers"]
transform = Transform( -1, -6.21725e-14, -8.9407e-08, -2.47969e-08, 0.96077, 0.277348, 8.58995e-08, 0.277348, -0.96077, 0, 12, -18.3475 )

[node name="facing_to_x" type="Camera" parent="camera_switchers"]
transform = Transform( 1.29611e-07, 0.277348, -0.96077, -2.47969e-08, 0.96077, 0.277348, 1, -1.21232e-08, 1.31404e-07, -21.4047, 12, 0.126207 )

[node name="facing_to_-z" type="Camera" parent="camera_switchers"]
transform = Transform( 1, 0, 0, 0, 0.876365, 0.481647, 0, -0.481647, 0.876365, 0, 11.3493, 18.592 )
current = true

[node name="StaticBody" type="StaticBody" parent="."]
transform = Transform( 17.5, 0, 0, 0, 1, 0, 0, 0, 16, 0, -1, 0 )

[node name="CSGBox" type="CSGBox" parent="StaticBody"]

[node name="CollisionShape" type="CollisionShape" parent="StaticBody"]
shape = SubResource( 1 )

[node name="health_kit" parent="." instance=ExtResource( 3 )]
transform = Transform( 2, 0, 0, 0, 2, 0, 0, 0, 2, 6.8076, 6.19888e-06, 0.662995 )

[node name="DirectionalLight" type="DirectionalLight" parent="."]
transform = Transform( -1, 3.55271e-15, -8.9407e-08, -5.46661e-08, 0.791298, 0.61143, 7.07476e-08, 0.61143, -0.791298, 0, 11, -15 )

[node name="damage_test" type="Area" parent="."]
transform = Transform( 1, 0, 0, 0, 1, 0, 0, 0, 1, -8.70021, 0, -3.95066 )
script = SubResource( 3 )

[node name="CollisionPolygon" type="CollisionShape" parent="damage_test"]
shape = SubResource( 4 )

[node name="DialogueInteraction" type="Area" parent="."]
transform = Transform( 1, 0, 0, 0, 1, 0, 0, 0, 1, 10, 0, -10.0441 )
script = ExtResource( 4 )
dialogue_file = "res://entities/dialogues/debug_room_dialogue.json"

[node name="collision" type="CollisionShape" parent="DialogueInteraction"]
shape = SubResource( 5 )

[node name="SceneSwitcher" type="Area" parent="."]
transform = Transform( 0.103713, 0, 0.994607, 0, 1, 0, -0.994607, 0, 0.103713, 11.5856, -9.53674e-07, -1.1188 )
script = ExtResource( 7 )
scene_file = ExtResource( 6 )

[node name="CollisionShape" type="CollisionShape" parent="SceneSwitcher"]
shape = SubResource( 6 )

[node name="WorldEnvironment" type="WorldEnvironment" parent="."]

[editable path="camera_switchers/-x"]
[editable path="camera_switchers/x"]
[editable path="camera_switchers/-z"]
[editable path="camera_switchers/z"]
